gene	peak_snp	post_prob.x	post_prob.y	post_prob.x.1	post_prob.y.1	post_prob.x.2	post_prob.y.2	post_prob.x.3	post_prob.y.3	post_prob.x.4	post_prob.y.4	average_rank
ACSM3	2:44880680	0.019825918762089	0.0257032007759457	0.0177427304090685	0.0208540218470705	0.020812685827552	0.0119729307652264	0.0194871794871795	0.0157280568239472	0.0188585607940447	0.0155189136760427	0.0186504199168166
ACSM3	2:45038809	0.0599613152804642	0.059650824442289	0.0586495810744209	0.0551142005958292	0.0624380574826561	0.0609057782404997	0.0584615384615385	0.0669710806697108	0.0540942928039702	0.0579534432589719	0.059420011231035
AIFM3	5:12451112	0.0357833655705996	0.039282250242483	0.0448496796451454	0.0332671300893744	0.0411298315163528	0.0421655387818844	0.037948717948718	0.0339928970065956	0.0421836228287841	0.039282250242483	0.038988528387242
ALG3	2:44880680	0.0328820116054159	0.0300678952473327	0.0266140956136028	0.0253227408142999	0.0307234886025768	0.0312337324310255	0.0227777777777778	0.0314561136478945	0.0203473945409429	0.0300678952473327	0.0281493145528202
ALG3	2:45038809	0.0764023210831721	0.0834141610087294	0.0793494332183342	0.0710029791459782	0.078790882061447	0.0749609578344612	0.0641025641025641	0.0690005073566717	0.0813895781637717	0.0732298739088264	0.0751643257883956
ANXA5	14:46314911	0.0923597678916828	0.0843840931134821	0.0926975521603417	0.0854021847070506	0.0901883052527255	0.0832899531494014	0.0974358974358974	0.0963554879079993	0.0803970223325062	0.0863239573229874	0.0888834221274074
ARHGAP12	2:44880680	0.0241779497098646	0.0155189136760427	0.0221784130113356	0.0153922542204568	0.022794846382557	0.0135346173867777	0.022051282051282	0.0202942668696093	0.0253101736972705	0.020368574199806	0.0201621291205002
ATP1A2	2:44880680	0.0459381044487427	0.0518913676042677	0.055199605717102	0.0506454816285998	0.0594648166501487	0.0551795939614784	0.0482051282051282	0.0529764924742094	0.0486352357320099	0.0489815712900097	0.0517117397711696
BBS7	14:46314911	0.0725338491295938	0.07274490785645	0.0798422868408083	0.083416087388282	0.0673934588701685	0.0791254554919313	0.0728205128205128	0.076103500761035	0.0749379652605459	0.0761396702230844	0.0755057694642412
C1QTNF2	14:46314911	0.0217601547388781	0.0281280310378274	0.023656973878758	0.0238331678252234	0.0237859266600595	0.0286743015790387	0.0251282051282051	0.0258751902587519	0.0238213399503722	0.0286129970902037	0.0253276288147318
CABP2	14:46314911	0.0585106382978723	0.052376333656644	0.0487925086249384	0.0506454816285998	0.0599603567888999	0.0504945340968246	0.0543589743589744	0.0547945205479452	0.0511166253101737	0.0455868089233754	0.0526636782234248
CADM3	2:44880680	0.0275628626692456	0.023278370514064	0.0266140956136028	0.0302879841112214	0.0267591674925669	0.0246833246572965	0.018974358974359	0.0314561136478945	0.0238213399503722	0.0223084384093113	0.0255746056039934
CAMK2N1	2:44880680	0.00725338491295938	0.00921435499515034	0.00936421882700838	0.012909632571996	0.0113974231912785	0.00728787090057262	0.00820512820512821	0.00963977676306443	0.0114143920595534	0.0106692531522793	0.00973554355789906
CAMK2N1	2:45038809	0.0297388781431335	0.024733268671193	0.0305569245933958	0.0307845084409136	0.0327056491575818	0.0348776678813118	0.0323076923076923	0.0294266869609335	0.0238213399503722	0.0286129970902037	0.0297565613196731
CAPN10	2:44880680	0.0227272727272727	0.0252182347235693	0.0249301790701495	0.0268123138033764	0.0242814667988107	0.0275897969807392	0.0276923076923077	0.0228310502283105	0.026302729528536	0.0300678952473327	0.0258453246800405
CAPN10	2:45038809	0.0691489361702128	0.065470417070805	0.0729423361261705	0.0702581926514399	0.0802775024777007	0.0767829255596044	0.0776923076923077	0.0735667174023338	0.0823821339950372	0.069835111542192	0.0738356580687804
CCL19	5:12451112	0.0246615087040619	0.027643064985451	0.0280926564810251	0.0273088381330685	0.0317145688800793	0.0296720458094742	0.0384615384615385	0.0268899036022324	0.0347394540942928	0.036372453928225	0.0305556033079449
CCNA2	14:46314911	0.101104126370084	0.104752667313288	0.0975850172498768	0.101746110559417	0.0981169474727453	0.100989068193649	0.0953846153846154	0.0963977676306443	0.0947890818858561	0.103297769156159	0.0994163171216335
CHRNG	2:44880680	0.0425531914893617	0.040737148399612	0.0399211434204041	0.0377358490566038	0.045589692765114	0.0400832899531494	0.0512820512820513	0.0395738203957382	0.0441687344913151	0.042192046556741	0.0423836967810091
CHRNG	2:45038809	0.132011605415861	0.123181377303589	0.118531296205027	0.126117179741807	0.120911793855302	0.128058302967205	0.131025641025641	0.121765601217656	0.113895781637717	0.12560620756547	0.124110478693527
COLEC11	17:36400200	0.0212765957446809	0.0193986420950533	0.0251355347461804	0.0143992055610725	0.0143706640237859	0.0213430504945341	0.0205128205128205	0.0324708269913749	0.0178660049627792	0.0227934044616877	0.0209566749593969
DLGAP2	20:14046054	0.0251450676982592	0.0242483026188167	0.023656973878758	0.0238331678252234	0.0267591674925669	0.028110359187923	0.0235897435897436	0.0202942668696093	0.0272952853598015	0.0257032007759457	0.0248635535296647
DNAJC27	17:33116150	0.0899419729206963	0.0935984481086324	0.110892065056678	0.0943396226415094	0.0887016848364718	0.0952628839146278	0.0974358974358974	0.100963977676306	0.0893300248138958	0.103782735208535	0.096424931261325
DNM3	20:14046054	0.0522243713733075	0.0557710960232784	0.0463282405125678	0.0536246276067527	0.058184671291708	0.0468505986465383	0.0638034188034188	0.0563165905631659	0.0531017369727047	0.048011639185257	0.0534216990978699
DNMT3A	17:36400200	0.19294003868472	0.180892337536372	0.191720059142435	0.192651439920556	0.16815328708292	0.197293076522644	0.184102564102564	0.186707255200406	0.178660049627792	0.185257032007759	0.185837713982817
DPYSL5	17:36400200	0.107833655705996	0.0974781765276431	0.0970921636274027	0.110228401191658	0.104558969276511	0.108797501301406	0.101196581196581	0.097919837645865	0.106699751861042	0.0974781765276431	0.102928321486175
ECE2	2:44880680	0.0280464216634429	0.027643064985451	0.0335140463282405	0.028798411122145	0.0272547076313181	0.0312337324310255	0.0241025641025641	0.0324708269913749	0.030272952853598	0.0271580989330747	0.0290494827042235
ECE2	2:45038809	0.0904255319148936	0.0841416100872939	0.0862493839329719	0.076961271102284	0.0773042616451933	0.0817282665278501	0.0876923076923077	0.0908168442415018	0.0858560794044665	0.081474296799224	0.0842649853347987
EFR3B	17:33116150	0	0	0	0	0	0	0	0	0	0	0
EIF4E2	2:44880680	0.0333655705996132	0.0358874878758487	0.0335140463282405	0.0292949354518371	0.0416253716551041	0.0348776678813118	0.0338461538461538	0.0355149670218163	0.0332506203473945	0.0344325897187197	0.034560941072604
EIF4E2	2:45038809	0.089458413926499	0.0994180407371484	0.113849186791523	0.113207547169811	0.101585728444004	0.104112441436752	0.0897435897435897	0.0961440892947742	0.114143920595533	0.10984481086324	0.103150776900287
ELF2	14:46314911	0.111218568665377	0.120271580989331	0.122186627238377	0.125124131082423	0.132804757185332	0.122332118688183	0.124102564102564	0.122272957889396	0.135938792390405	0.124636275460718	0.124088837369211
EPC1	2:44880680	0.0357833655705996	0.037827352085354	0.0295712173484475	0.0307845084409136	0.0343987446316485	0.0353982300884956	0.0394871794871795	0.0309487569761542	0.0297766749379653	0.023278370514064	0.0327254400080822
FASLG	20:14046054	0.102998065764023	0.106490462334303	0.104977821586989	0.105759682224429	0.0921704658077304	0.103895540517092	0.102564102564103	0.116184677828513	0.102233250620347	0.0950533462657614	0.103232741551329
FMO5	20:14046054	0.0290135396518375	0.0310378273520854	0.0310497782158699	0.0238331678252234	0.0237859266600595	0.0314506333506854	0.0282051282051282	0.0263825469304921	0.0223325062034739	0.0281280310378274	0.0275219085432683
FRMPD3	14:11581401	0.00435203094777563	0.004364694471387	0.00689995071463775	0.00347567030784508	0.0109018830525273	0.00728787090057262	0.00717948717948718	0.00862506341958397	0.00347394540942928	0.004364694471387	0.00609252908746328
GAL3ST1	5:12451112	0.0533123791102515	0.0504364694471387	0.0601281419418433	0.0592105263157895	0.0550049554013875	0.0557001561686622	0.0471794871794872	0.0481988838153222	0.0600496277915633	0.056741028128031	0.0545961655299476
GRIA3	14:11581401	0.112185686653772	0.118816682832202	0.123706259241005	0.12214498510427	0.121407333994054	0.122852680895367	0.126666666666667	0.111111111111111	0.103225806451613	0.112512124151309	0.117462933710137
HDAC3	14:11581401	0.236943907156673	0.224054316197866	0.232134056185313	0.241807348560079	0.23587710604559	0.244664237376366	0.233846153846154	0.231861998985287	0.236228287841191	0.227934044616877	0.23453514568114
HSF5	5:3117060	0.264990328820116	0.282816036210799	0.280844422539839	0.294438927507448	0.286422200198216	0.288478223147666	0.286752136752137	0.298410282428547	0.287841191066998	0.277319754283867	0.284831350295563
HSPA9	14:11581401	0.202127659574468	0.209505334626576	0.209955643173977	0.192651439920556	0.193260654112983	0.196772514315461	0.187179487179487	0.202942668696093	0.186104218362283	0.220659553831232	0.200115917379312
HTR1B	17:36400200	0.0923597678916828	0.0829291949563531	0.086742237555446	0.0983118172790467	0.110009910802775	0.0780843310775638	0.0897435897435897	0.0882800608828006	0.0972704714640198	0.0921435499515034	0.0915874931604781
IMPG1	17:36400200	0.0106382978723404	0.00824442289039767	0.0137999014292755	0.0143992055610725	0.0118929633300297	0.00780843310775638	0.0128205128205128	0.0131912734652461	0.0119106699751861	0.00969932104752667	0.0114405001499344
ITGB1	2:44880680	0.102030947775629	0.0994180407371484	0.0951207491375062	0.092850049652433	0.0991080277502478	0.0916189484643415	0.0982478632478632	0.0926348723152376	0.0982630272952854	0.102327837051406	0.0971620363427098
ITPA	20:14046054	0.0207930367504836	0.021823472356935	0.0280926564810251	0.0263157894736842	0.0242814667988107	0.0239458615304529	0.0235897435897436	0.0273972602739726	0.0208436724565757	0.0213385063045587	0.0238421466016242
JUN	20:14046054	0.137612830431979	0.138215324927255	0.136807951371776	0.132571996027805	0.129335976214073	0.132222800624675	0.126666666666667	0.128657196008794	0.144416873449132	0.137730358874879	0.134423797459704
KCNAB1	2:44880680	0.0425531914893617	0.0354025218234724	0.0325283390832923	0.0412115193644489	0.0341922695738355	0.0359187922956793	0.0333333333333333	0.0289193302891933	0.0357320099255583	0.0387972841901067	0.0358588591368282
KCNS3	20:14046054	0.0498065764023211	0.0572259941804074	0.0502710694923608	0.0501489572989076	0.0535183349851338	0.0504945340968246	0.0538461538461538	0.0481988838153222	0.0451612903225806	0.0514064015518914	0.0510078195991903
KIF5B	2:44880680	0.054642166344294	0.0560539928871646	0.0527353376047314	0.0412115193644489	0.0480673934588702	0.0499739718896408	0.0461538461538462	0.0481988838153222	0.0528949545078577	0.0530633688975105	0.0502995434923686
KLHL24	2:44880680	0.011605415860735	0.00921435499515034	0.011828486939379	0.00893743793445879	0.0111909481334655	0.0135346173867777	0.00923076923076923	0.0172501268391679	0.0109181141439206	0.01454898157129	0.0118259253035114
KSR2	5:12451112	0.0701160541586073	0.0585596508244423	0.0611138491867915	0.0615690168818272	0.0639246778989098	0.0681936491410724	0.0661538461538462	0.067478437341451	0.0540942928039702	0.0588021338506305	0.0630005608241548
LIG1	2:44880680	0.0565764023210832	0.052376333656644	0.0635781172991621	0.0667411453161205	0.0525272547076313	0.0575655040777373	0.0594871794871795	0.0568239472349061	0.054590570719603	0.0545990947300356	0.0574865549550103
LPGAT1	20:14046054	0.0473887814313346	0.0557710960232784	0.0527353376047314	0.0620655412115194	0.05599603567889	0.0572618427902134	0.0605128205128205	0.0558092338914257	0.0535980148883375	0.065470417070805	0.0566609121103356
LRFN5	17:13723952	1	1	1	1	1	1	1	1	1	1	1
LZTR1	5:12451112	0.0111218568665377	0.0121241513094083	0.0162641695416461	0.022343594836147	0.0148662041625372	0.0140551795939615	0.0102564102564103	0.0126839167935058	0.0203473945409429	0.0140640155189137	0.014812689342001
MAGT1	14:11581401	0.0865570599613153	0.080019398642095	0.0739280433711188	0.0744786494538232	0.0733399405351833	0.0707964601769911	0.0697435897435897	0.0710299340436327	0.0774193548387097	0.080019398642095	0.0757331829408554
MAP6D1	2:44880680	0.000967117988394584	0.00387972841901067	0.00640709709216363	0.00446871896722939	0.00346878097125867	0.0062467464862051	0.00205128205128205	0.00405885337392187	0.00347394540942928	0.007274490785645	0.00422967615445402
MAP6D1	2:45038809	0.0183752417794971	0.0135790494665373	0.0108427796944308	0.0104270109235353	0.0153617443012884	0.0203019260801666	0.0148717948717949	0.0162354134956875	0.0133995037220844	0.020368574199806	0.0153763038534828
MAPK1	5:12451112	0.184235976789168	0.190591658583899	0.180261212419911	0.186196623634558	0.186818632309217	0.191046330036439	0.203974358974359	0.189878234398782	0.203970223325062	0.196411251212415	0.191338450168381
MAPRE3	17:36400200	0.0986460348162476	0.0989330746847721	0.102020699852144	0.102780536246276	0.102576808721506	0.103591879229568	0.103589743589744	0.106544901065449	0.105210918114144	0.104752667313288	0.102864726363314
METTL13	20:14046054	0.00338491295938104	0.002909796314258	0.00542138984721538	0.00397219463753724	0.000991080277502478	0.00364393545028631	0.00153846153846154	0.0045662100456621	0.00496277915632754	0.002909796314258	0.00343005565408896
MGST2	14:46314911	0.0836154094132818	0.0843840931134821	0.0754066042385411	0.0804369414101291	0.0792864222001982	0.07756376887038	0.0841025641025641	0.0766531371554203	0.0744416873449131	0.0717749757516974	0.0787665603600607
MPZ	2:44880680	0.0261121856866538	0.0300678952473327	0.0231641202562839	0.0297914597815293	0.0317145688800793	0.0255075481520042	0.0302564102564103	0.0253678335870117	0.0307692307692308	0.0300678952473327	0.0282819147863869
MUL1	2:44880680	0.0727353320438427	0.0678952473326867	0.0547067520946279	0.0590863952333664	0.0569871159563925	0.0687142113482561	0.058974358974359	0.0583460172501268	0.0724565756823821	0.0708050436469447	0.0640707049562985
MUL1	2:45038809	0.184477756286267	0.185257032007759	0.182355840315426	0.184210526315789	0.190535183349851	0.182977615825091	0.182564102564103	0.183663115169964	0.180645161290323	0.182832201745878	0.183951853487045
MYO6	17:36400200	0.37137330754352	0.377788554801164	0.360275998028586	0.356504468718967	0.355632639577139	0.362311296199896	0.366495726495726	0.356164383561644	0.360794044665012	0.363239573229874	0.363057999282153
MYOC	20:14046054	0.0589941972920696	0.0543161978661494	0.0606209955643174	0.0571002979145978	0.0550049554013875	0.0557001561686622	0.0717948717948718	0.0613901572805682	0.0684863523573201	0.0586808923375364	0.060208907397748
MYOT	14:11581401	0.0527079303675048	0.05819592628516	0.0522424839822573	0.048162859980139	0.0520317145688801	0.0536179073399271	0.0492307692307692	0.0476915271435819	0.0540942928039702	0.0484966052376334	0.0516472016939823
NAA15	14:46314911	0.117021276595745	0.129000969932105	0.124691966485954	0.116228070175439	0.138709943838784	0.124934929724102	0.121025641025641	0.127346524606799	0.129073614557486	0.123221791141287	0.125125472808334
NCAPD2	2:44880680	0.0391682785299807	0.0499515033947624	0.0524478396582882	0.0516385302879841	0.0490584737363726	0.0520562207183758	0.0517948717948718	0.045662100456621	0.0436724565756824	0.0484966052376334	0.0483946880390572
NCAPD2	2:45038809	0.142166344294004	0.153249272550921	0.138984721537703	0.153674280039722	0.134539147670961	0.136907860489328	0.156923076923077	0.144342973110096	0.153598014888337	0.147429679922405	0.146181537142655
NEK2	20:14046054	0.108317214700193	0.107864532816036	0.113068835222606	0.10158060244952	0.115460852329039	0.111920874544508	0.100512820512821	0.0961018095721292	0.105707196029777	0.1127141933398	0.107324893151643
NOS1	5:12451112	0.0957446808510638	0.0853540252182347	0.082799408575653	0.0813058589870904	0.097621407333994	0.0864133263925039	0.0820512820512821	0.0872653475393201	0.0749379652605459	0.0945683802133851	0.0868061682423073
NRP1	2:44880680	0.0720502901353965	0.0773116715163272	0.0842779694430754	0.0891674942072161	0.0812685827552032	0.0791254554919313	0.0861538461538462	0.0811770674784373	0.0806038047973532	0.0824442289039767	0.0813580410882763
P2RX2	5:12451112	0.0585106382978723	0.05819592628516	0.0586495810744209	0.0521350546176763	0.0535183349851338	0.0541384695471109	0.0584615384615385	0.0527650938609843	0.0570719602977667	0.0518913676042677	0.0555337965031931
PASK	2:44880680	0.0604448742746615	0.0533462657613967	0.0492853622474125	0.0471698113207547	0.0584737363726462	0.0499739718896408	0.0451282051282051	0.0588533739218671	0.0496277915632754	0.056741028128031	0.0529044420607891
PES1	5:12451112	0.066247582205029	0.061105722599418	0.0547067520946279	0.05759682224429	0.05599603567889	0.0598646538261322	0.0569230769230769	0.0568239472349061	0.0550868486352357	0.0590446168768186	0.0583396058318424
PIGC	20:14046054	0.0323984526112186	0.026188166828322	0.027599802858551	0.0357497517378352	0.0277502477700694	0.0312337324310255	0.0256410256410256	0.0299340436326738	0.0292803970223325	0.02909796314258	0.0294873583675634
POLE	5:12451112	0.0762814313346228	0.0877788554801164	0.0863725973385904	0.0749751737835154	0.078790882061447	0.07756376887038	0.0646153846153846	0.0816844241501776	0.0769230769230769	0.066925315227934	0.0771910909785245
POMC	17:33116150	0.358800773694391	0.356328806983511	0.343888615081321	0.345953326713009	0.352824578790882	0.336803748047892	0.353333333333333	0.340436326737697	0.359801488833747	0.33996120271581	0.348813220093159
PPIL2	5:12451112	0.0483558994197292	0.045101842870999	0.0423854115327748	0.0422045680238332	0.0421209117938553	0.043206663196252	0.0466666666666667	0.054287163876205	0.0397022332506203	0.0431619786614937	0.0447193339292429
PPM1F	5:12451112	0.0444874274661509	0.0460717749757517	0.047313947757516	0.0486593843098312	0.0411298315163528	0.0463300364393545	0.041025641025641	0.0516235413495687	0.0421836228287841	0.0470417070805044	0.0455866914749455
PRDX6	20:14046054	0.0686653771760155	0.0717749757516974	0.0655495317890586	0.0719960278053625	0.0758176412289395	0.0671525247267048	0.0712820512820513	0.0750887874175545	0.0689826302729529	0.0764225670869706	0.0712732114537308
PRPS1	14:11581401	0.0875241779497099	0.0780795344325897	0.0798422868408083	0.0883813306852036	0.0862239841427156	0.0832899531494014	0.0871794871794872	0.097919837645865	0.102233250620347	0.0984481086323957	0.0889121951278523
PRRC2C	20:14046054	0.0178916827852998	0.0164888457807953	0.0226712666338098	0.0168818272095333	0.0163528245787909	0.0166579906298803	0.0230769230769231	0.0208016235413496	0.0163771712158809	0.0155189136760427	0.0182719069128306
PRSS56	2:44880680	0.00822050290135396	0.00630455868089234	0.003942828979793	0.00645481628599801	0.00445986124876115	0.0062467464862051	0.00512820512820513	0.00659563673262303	0.00645161290322581	0.00387972841901067	0.00576844977660682
PRSS56	2:45038809	0.0120889748549323	0.0164888457807953	0.0147856086742238	0.0203574975173784	0.0143706640237859	0.0166579906298803	0.0164102564102564	0.015220700152207	0.0133995037220844	0.0126091173617847	0.0152389159127328
RAB33B	14:46314911	0.089458413926499	0.0805043646944714	0.090685066535239	0.092850049652433	0.0862239841427156	0.0853722019781364	0.0820512820512821	0.0877727042110604	0.090818858560794	0.0892337536372454	0.0874970679389876
RD3	20:14046054	0.00483558994197292	0.005819592628516	0.00443568260226713	0.00297914597815293	0.00445986124876115	0.00364393545028631	0.00358974358974359	0.0030441400304414	0.0054590570719603	0.002909796314258	0.00411765448563597
RFC5	5:12451112	0.0420696324951644	0.048011639185257	0.0399211434204041	0.0471698113207547	0.037784935579782	0.043206663196252	0.0502564102564103	0.0441400304414003	0.0357320099255583	0.0402521823472357	0.0428544458168219
RGS19	23:8624915	1	1	1	1	1	1	1	1	1	1	1
RHAG	20:14046054	0.0292150225660864	0.0223084384093113	0.023656973878758	0.0260261502813638	0.03299471423852	0.0307131702238417	0.0274786324786325	0.0253678335870117	0.0248138957816377	0.0295829291949564	0.0272157760640119
ROM1	5:66959339	0.0855899419729207	0.0848690591658584	0.0862493839329719	0.0824230387288977	0.0812685827552032	0.0801665799062988	0.0892307692307692	0.0984271943176053	0.0799007444168734	0.078564500484966	0.0846689794912365
RPS6KA4	5:66959339	0.615127337201805	0.603823149046233	0.625965171677345	0.625124131082423	0.619879418566237	0.627841402047545	0.63025641025641	0.594622019279553	0.610463192721257	0.614936954413191	0.6168039186292
SCRN2	20:14046054	0.0261121856866538	0.018913676042677	0.0172498767865944	0.0168818272095333	0.0188305252725471	0.0156168662155128	0.0148717948717949	0.0228310502283105	0.0153846153846154	0.0193986420950533	0.0186091059793293
SDF2L1	5:12451112	0.011605415860735	0.00872938894277401	0.00936421882700838	0.015888778550149	0.00941526263627354	0.00832899531494014	0.0148717948717949	0.0101471334348047	0.0148883374689826	0.013094083414161	0.0116333409321623
SDHC	2:44880680	0.0280464216634429	0.024733268671193	0.0285855101034993	0.0342601787487587	0.0282457879088206	0.0353982300884956	0.0394871794871795	0.0268899036022324	0.028287841191067	0.030552861299709	0.0304487182764398
SENP6	17:36400200	0.104932301740812	0.134335596508244	0.123213405618531	0.110724925521351	0.132804757185332	0.120770432066632	0.121538461538462	0.118721461187215	0.121588089330025	0.124636275460718	0.121326570615732
SETD7	14:46314911	0.0759187620889749	0.0645004849660524	0.0694923607688517	0.0620655412115194	0.0673934588701685	0.0817282665278501	0.0697435897435897	0.067478437341451	0.0714640198511166	0.080019398642095	0.0709804320011669
SLC30A1	20:14046054	0.0739845261121857	0.0843840931134821	0.0744208969935929	0.0660377358490566	0.0673934588701685	0.0822488287350338	0.0661538461538462	0.067478437341451	0.0794044665012407	0.0717749757516974	0.0733281265421755
SLU7	14:46314911	0.129593810444874	0.131425800193986	0.127156234598324	0.13356504468719	0.116988767756855	0.120206489675516	0.13025641025641	0.123795027904617	0.132009925558313	0.127020691884901	0.127201820296099
SNX9	17:33116150	0.551257253384913	0.550072744907856	0.545219319862001	0.559707050645482	0.558473736372646	0.567933368037481	0.549230769230769	0.558599695585997	0.550868486352357	0.556256062075655	0.554761848645516
STIP1	5:66959339	0.299282720825274	0.311307791787908	0.287785444389683	0.292452830188679	0.29885199867856	0.291992018046157	0.280512820512821	0.306950786402841	0.309636062861869	0.306498545101843	0.298527101879563
SUCO	20:14046054	0.0323984526112186	0.0295829291949564	0.0310497782158699	0.0297914597815293	0.0341922695738355	0.0291514836022905	0.0307692307692308	0.0253678335870117	0.028287841191067	0.0271580989330747	0.0297749377460084
SUPT4H1	5:3117060	0.735009671179884	0.717183963789201	0.719155577460161	0.705561072492552	0.713577799801784	0.711521776852334	0.713247863247863	0.701589717571453	0.712158808933002	0.722680245716133	0.715168649704437
TCTN2	5:12451112	0.0275628626692456	0.0355237633365664	0.0300640709709216	0.0327706057596822	0.0356788899900892	0.0374804789172306	0.0364102564102564	0.0289193302891933	0.0372208436724566	0.0339476236663434	0.0335578725681985
THOC2	14:11581401	0.0454545454545455	0.0518913676042677	0.0364711680630853	0.0496524329692155	0.0470763131813677	0.0619469026548673	0.0451282051282051	0.045662100456621	0.054590570719603	0.0470417070805044	0.0484915313312283
TMED5	20:14046054	0.0498065764023211	0.0441319107662464	0.051256776737309	0.0571002979145978	0.0510406342913776	0.0520562207183758	0.0517948717948718	0.0547945205479452	0.0535980148883375	0.055286129970902	0.0520865954032284
TMEM33	14:46314911	0.0469052224371373	0.0475266731328807	0.0478068013799901	0.0446871896722939	0.0391476709613479	0.045288912024987	0.0435897435897436	0.0451547437848808	0.0411910669975186	0.0441319107662464	0.0445429934747026
TOP3B	5:12451112	0.0212765957446809	0.021823472356935	0.0325283390832923	0.0218470705064548	0.0307234886025768	0.0249869859448204	0.0215384615384615	0.023845763571791	0.0248138957816377	0.0198836081474297	0.024326768127808
UBE2L3	5:12451112	0.0899419729206963	0.0887487875848691	0.0842779694430754	0.099304865938431	0.0935332011892963	0.0864133263925039	0.0882051282051282	0.0958904109589041	0.0913151364764268	0.0877788554801164	0.0905409654589447
VAMP4	20:14046054	0.0290135396518375	0.024733268671193	0.0290783637259734	0.0357497517378352	0.0356788899900892	0.0260281103591879	0.0287179487179487	0.0339928970065956	0.030272952853598	0.0257032007759457	0.0298968923490204
VSIG10	5:12451112	0.0154738878143133	0.0155189136760427	0.019714144898965	0.0148957298907646	0.0148662041625372	0.0135346173867777	0.0134615384615385	0.0142059868087265	0.0138957816377171	0.0164888457807953	0.0152055650518178
VWA5B2	2:44880680	0	0	0	0	0	0	0	0	0	0	0
VWA5B2	2:45038809	0	0	0	0	0	0	0	0	0	0	0
WSB2	5:12451112	0.0062862669245648	0.00533462657613967	0.003942828979793	0.00297914597815293	0.00495540138751239	0.00468505986465383	0.00820512820512821	0.00507356671740233	0.00397022332506203	0.00969932104752667	0.00551315690059359
YDJC	5:12451112	0.00386847195357834	0.00242483026188167	0.003942828979793	0.00397219463753724	0.00247770069375619	0.00312337324310255	0.00307692307692308	0.00253678335870117	0.000496277915632754	0.00242483026188167	0.00283442143827877
YEATS2	2:44880680	0.031431334622824	0.0271580989330747	0.0404139970428783	0.035253227408143	0.0252725470763132	0.0296720458094742	0.0384615384615385	0.0426179604261796	0.0307692307692308	0.024733268671193	0.0325783249220849
YEATS2	2:45038809	0.0957446808510638	0.0914161008729389	0.0929029078363726	0.0878848063555114	0.0911793855302279	0.0817282665278501	0.0882051282051282	0.0928462709284627	0.0833746898263027	0.0902036857419981	0.0895485922675856
YPEL1	5:12451112	0.0130560928433269	0.011639185257032	0.0133070478068014	0.0143992055610725	0.00792864222001982	0.00989068193649141	0.0102564102564103	0.0116692034500254	0.0163771712158809	0.0121241513094083	0.0120647791856469
ZEB1	2:44880680	0.0732994842037395	0.0838991270611057	0.0818137013307048	0.0829195630585899	0.0708622398414272	0.0853722019781364	0.08	0.0837138508371385	0.0893300248138958	0.0766246362754607	0.0807834829400199
ZNF711	14:11581401	0.172147001934236	0.175072744907856	0.184820108427797	0.179245283018868	0.1798810703667	0.158771473191046	0.193846153846154	0.183155758498224	0.182630272952854	0.160523763336566	0.17700936304803
